colvarsTrajFrequency 10000 

colvar {
     name fix-rotation

     orientation {
           atoms {
	     atomnumbers { 1454 1473 1489 1509 1653 1672 1691 1698 1717 2052 2071 2087 2107 2251 2270 2289 2296 2315 3846 3865 3881 3901 4045 4064 4083 4090 4109 4444 4463 4479 4499 4643 4662 4681 4688 4707 6238 6257 6273 6293 6437 6456 6475 6482 6501 6836 6855 6871 6891 7035 7054 7073 7080 7099 27766 27785 27801 27821 27965 27984 28003 28010 28029 28364 28383 28399 28419 28563 28582 28601 28608 28627 30158 30177 30193 30213 30357 30376 30395 30402 30421 30756 30775 30791 30811 30955 30974 30993 31000 31019 32550 32569 32585 32605 32749 32768 32787 32794 32813 33148 33167 33183 33203 33347 33366 33385 33392 33411 }
           }
           refpositionsfile ref_orient.pdb
	   refPositionsCol  B
        }
}

colvar {
   name Pin

   width 1.0

   lowerboundary -1.0
   upperboundary  1.0

   lowerwallconstant 100.0
   upperwallconstant 100.0

   distance {
      group1 {
           dummyatom  (-1.32, 2.16, -0.71)
              }
       group2 { 
	     atomnumbers { 1454 1473 1489 1509 1653 1672 1691 1698 1717 2052 2071 2087 2107 2251 2270 2289 2296 2315 3846 3865 3881 3901 4045 4064 4083 4090 4109 4444 4463 4479 4499 4643 4662 4681 4688 4707 6238 6257 6273 6293 6437 6456 6475 6482 6501 6836 6855 6871 6891 7035 7054 7073 7080 7099 27766 27785 27801 27821 27965 27984 28003 28010 28029 28364 28383 28399 28419 28563 28582 28601 28608 28627 30158 30177 30193 30213 30357 30376 30395 30402 30421 30756 30775 30791 30811 30955 30974 30993 31000 31019 32550 32569 32585 32605 32749 32768 32787 32794 32813 33148 33167 33183 33203 33347 33366 33385 33392 33411 }
         }
       
     }
}




################################################
# Put harmonic restraints on the colvars
################################################

harmonic {
    colvars fix-rotation
    centers ( 1.0, 0.0, 0.0, 0.0 )
    forceConstant 100.0
} 

harmonic {
   colvars         Pin
   forceConstant   100.0
   centers         0.0
}


